hd(0,0,1200,0);
hs(0,0,0x08,0);
hd(180,0,100,0);
td2(90,0,530,-90,0);
td2(270,0,300,90,0);
hd(0,0,400,0);
hd(180,0,830,0);
td2(90,0,600,-90,0);
hd(180,0,110,0);
td2(90,0,300,-90,0);
td2(335,0,300,-25,0);
td2(335,0,220,25,0);
td2(0,0,400,90,0);
hd(0,0,270,0);
hd(180,0,100,0);
hd(-1,0,12,0);
hd(0,0,120,0);
hd(180,0,120,0);
hd(360,0,12,0);
hd(180,0,200,0);
td2(90,0,510,-90,0);
td2(90,0,300,-90,0);
hd(180,0,200,0);
td2(0,0,190,-90,0);
td2(0,0,550,40,0);
td2(50,0,310,-40,0);
td2(0,0,520,-90,0);
hd(0,0,300,0);
hd(180,0,100,0);
hd(360,0,17,0);
hd(348,0,120,0);
hd(168,0,120,0);
hd(-1,0,17,0);
hd(180,0,200,0);
td2(270,0,250,90,0);
td2(0,0,250,90,0);